BFCP 1024 1.0 11.0 523776 (191,611) 0.0015031584527994757
BFCP 1024 1.0 12.0 523776 (511,864) 0.0010500090881101906
BFCP 1024 1.0 11.0 523776 (163,734) 0.0027902134128099153
BFCP 1024 1.0 12.0 523776 (129,374) 0.0012574446690667665
BFCP 1024 1.0 14.0 523776 (588,802) 0.0014823852661635195
BFCP 1024 8.0 12.0 523776 (412,631) 0.010433400724363483
BFCP 1024 8.0 13.0 523776 (274,516) 0.007703473252766457
BFCP 1024 8.0 12.0 523776 (354,531) 0.010586159016645964
BFCP 1024 8.0 13.0 523776 (552,615) 0.008245970016380158
BFCP 1024 8.0 13.0 523776 (44,534) 0.012705715627165177
BFCP 1024 64.0 12.0 523776 (548,646) 0.13430071746803718
BFCP 1024 64.0 11.0 523776 (939,964) 0.02310901792385216
BFCP 1024 64.0 13.0 523776 (478,765) 0.07475861979143228
BFCP 1024 64.0 14.0 523776 (666,916) 0.04768222261775577
BFCP 1024 64.0 13.0 523776 (638,1007) 0.011759016887373918
BFCP 2048 1.0 15.0 2096128 (202,827) 0.0020965814766440846
BFCP 2048 1.0 15.0 2096128 (580,1233) 9.688752109836998E-5
BFCP 2048 1.0 16.0 2096128 (141,1597) 4.459434577093444E-4
BFCP 2048 1.0 22.0 2096128 (697,1287) 4.984810343841761E-4
BFCP 2048 1.0 20.0 2096128 (971,1703) 3.789450008860309E-4
BFCP 2048 8.0 15.0 2096128 (291,1992) 0.002504500942072933
BFCP 2048 8.0 22.0 2096128 (352,507) 0.003475077402291247
BFCP 2048 8.0 15.0 2096128 (348,1444) 0.0038403871476536257
BFCP 2048 8.0 22.0 2096128 (800,1181) 0.007073330632593108
BFCP 2048 8.0 17.0 2096128 (17,1266) 0.00662498479998488
BFCP 2048 64.0 12.0 2096128 (267,861) 0.0861322364584955
BFCP 2048 64.0 21.0 2096128 (1363,1529) 0.08856428760155954
BFCP 2048 64.0 24.0 2096128 (659,1689) 0.05361300436957071
BFCP 2048 64.0 22.0 2096128 (343,371) 0.06795963032982465
BFCP 2048 64.0 15.0 2096128 (541,1429) 0.04279006744060945
BFCP 4096 1.0 36.0 8386560 (2240,3379) 1.0968427507712487E-4
BFCP 4096 1.0 53.0 8386560 (3406,3591) 6.100914585348006E-4
BFCP 4096 1.0 36.0 8386560 (461,3933) 5.769713188387511E-4
BFCP 4096 1.0 35.0 8386560 (536,1102) 3.391190111525749E-4
BFCP 4096 1.0 41.0 8386560 (449,1634) 4.221715769827448E-4
BFCP 4096 8.0 39.0 8386560 (617,897) 9.144018404934746E-4
BFCP 4096 8.0 36.0 8386560 (954,2249) 0.002726319120763787
BFCP 4096 8.0 27.0 8386560 (2595,3710) 0.0029118082032261647
BFCP 4096 8.0 32.0 8386560 (1402,3035) 9.075317624531356E-4
BFCP 4096 8.0 32.0 8386560 (1154,1401) 0.0013125315183975406
BFCP 4096 64.0 28.0 8386560 (433,2102) 0.01414258262060668
BFCP 4096 64.0 33.0 8386560 (1009,3695) 0.0484077739119565
BFCP 4096 64.0 28.0 8386560 (2396,3338) 0.023894080838314385
BFCP 4096 64.0 27.0 8386560 (771,4086) 0.014594920505890563
BFCP 4096 64.0 27.0 8386560 (2749,2879) 0.01477396244875208
BFCP 8192 1.0 95.0 33550336 (628,6986) 3.5624912898616815E-4
BFCP 8192 1.0 91.0 33550336 (3049,6931) 1.921124145287304E-4
BFCP 8192 1.0 81.0 33550336 (1353,5838) 2.797519815577853E-4
BFCP 8192 1.0 93.0 33550336 (5270,7454) 2.1852660829051423E-4
BFCP 8192 1.0 94.0 33550336 (1020,2529) 1.370530848064235E-4
BFCP 8192 8.0 80.0 33550336 (4035,8176) 0.0034316613175862133
BFCP 8192 8.0 94.0 33550336 (1577,3127) 0.00166941616072436
BFCP 8192 8.0 80.0 33550336 (3478,5988) 6.009356370788395E-4
BFCP 8192 8.0 86.0 33550336 (6227,7864) 9.87301526395761E-4
BFCP 8192 8.0 91.0 33550336 (1256,2350) 0.0018754897084948105
BFCP 8192 64.0 81.0 33550336 (162,3876) 0.016281915675227552
BFCP 8192 64.0 87.0 33550336 (2951,7385) 0.010268450553339378
BFCP 8192 64.0 87.0 33550336 (511,3138) 0.015124811980407063
BFCP 8192 64.0 80.0 33550336 (600,4500) 0.021509539763567884
BFCP 8192 64.0 82.0 33550336 (761,6469) 0.003291484669423023
BFCP 16384 1.0 305.0 134209536 (1599,13328) 1.5315652605575117E-4
BFCP 16384 1.0 302.0 134209536 (3596,9992) 4.8641793450352564E-5
BFCP 16384 1.0 323.0 134209536 (12900,15803) 1.0143533102029209E-4
BFCP 16384 1.0 304.0 134209536 (11434,13456) 8.71419640387968E-5
BFCP 16384 1.0 298.0 134209536 (1160,15363) 1.0106886574995378E-4
BFCP 16384 8.0 307.0 134209536 (1624,12102) 5.107935565053187E-4
BFCP 16384 8.0 328.0 134209536 (2157,8702) 0.001319009842335871
BFCP 16384 8.0 316.0 134209536 (2831,11639) 6.79907380773725E-4
BFCP 16384 8.0 301.0 134209536 (5354,7206) 6.170133592208109E-4
BFCP 16384 8.0 312.0 134209536 (4387,8602) 0.0013295060651784963
BFCP 16384 64.0 300.0 134209536 (11051,13034) 0.006521770924639711
BFCP 16384 64.0 320.0 134209536 (5150,5610) 0.008653097803423587
BFCP 16384 64.0 313.0 134209536 (7115,13874) 0.0037943041431992026
BFCP 16384 64.0 299.0 134209536 (4915,14874) 0.007393027642961012
BFCP 16384 64.0 297.0 134209536 (2283,15204) 0.006213105216680741
BFCP 32768 1.0 1197.0 536854528 (4942,25349) 9.464211632885527E-6
BFCP 32768 1.0 1218.0 536854528 (9042,18349) 5.003451711676375E-5
BFCP 32768 1.0 1174.0 536854528 (7672,30685) 2.7515239537600557E-5
BFCP 32768 1.0 1171.0 536854528 (14352,14353) 9.098077286493601E-6
BFCP 32768 1.0 1173.0 536854528 (6442,16296) 4.1580857149490896E-5
BFCP 32768 8.0 1170.0 536854528 (1552,31443) 5.407553338162654E-4
BFCP 32768 8.0 1174.0 536854528 (4650,23405) 2.4625214148415124E-4
BFCP 32768 8.0 1221.0 536854528 (15415,28669) 2.455052296236234E-4
BFCP 32768 8.0 1165.0 536854528 (1253,17607) 1.34829230329168E-4
BFCP 32768 8.0 1172.0 536854528 (12165,18404) 4.384660119760907E-4
BFCP 32768 64.0 1245.0 536854528 (16903,17238) 0.0019034442178388496
BFCP 32768 64.0 1177.0 536854528 (7186,7805) 0.001772839935512743
BFCP 32768 64.0 1162.0 536854528 (14379,16622) 0.004517976502104989
BFCP 32768 64.0 1181.0 536854528 (13889,28759) 0.0021504021585101738
BFCP 32768 64.0 1178.0 536854528 (515,21370) 0.0015438237330197557
BFCP 65536 1.0 4607.0 2147450880 (24636,62135) 1.485468241426593E-5
BFCP 65536 1.0 4660.0 2147450880 (50070,61210) 1.5056042440055425E-5
BFCP 65536 1.0 4659.0 2147450880 (24054,34036) 2.5642144411291142E-5
BFCP 65536 1.0 4609.0 2147450880 (8574,44516) 2.1977416867955818E-5
BFCP 65536 1.0 4801.0 2147450880 (822,16790) 1.1324420845634143E-5
BFCP 65536 8.0 4686.0 2147450880 (4242,11282) 2.162444743459897E-4
BFCP 65536 8.0 4705.0 2147450880 (23626,39502) 1.0016256748343388E-4
BFCP 65536 8.0 4655.0 2147450880 (38315,52248) 2.0452493446150265E-4
BFCP 65536 8.0 4769.0 2147450880 (13179,37292) 5.333908745568661E-5
BFCP 65536 8.0 4754.0 2147450880 (3256,9554) 9.701920352053522E-5
BFCP 65536 64.0 4685.0 2147450880 (31935,44612) 0.002856564108475844
BFCP 65536 64.0 4665.0 2147450880 (3053,6986) 7.915708665157632E-4
BFCP 65536 64.0 4626.0 2147450880 (1083,4602) 0.0011246533546693587
BFCP 65536 64.0 4664.0 2147450880 (2781,63711) 8.265881298448769E-4
BFCP 65536 64.0 4702.0 2147450880 (21762,44664) 8.359188530257158E-4
BFCP 131072 1.0 18670.0 8589869056 (16154,49970) 1.1371900354810277E-5
BFCP 131072 1.0 18794.0 8589869056 (63140,73256) 1.3632834229235807E-5
BFCP 131072 1.0 18766.0 8589869056 (19493,123913) 6.995763365689798E-6
BFCP 131072 1.0 18875.0 8589869056 (72488,103944) 8.611523303929072E-6
BFCP 131072 1.0 18496.0 8589869056 (19696,83202) 2.157393795718373E-5
BFCP 131072 8.0 19162.0 8589869056 (15142,128565) 5.3400810420471615E-6
BFCP 131072 8.0 18830.0 8589869056 (55997,91004) 9.700948742465175E-5
BFCP 131072 8.0 18485.0 8589869056 (10555,91495) 2.2352493888311178E-4
BFCP 131072 8.0 18567.0 8589869056 (105398,127416) 9.034373878935998E-5
BFCP 131072 8.0 18541.0 8589869056 (17332,78531) 5.5123791687513466E-5
BFCP 131072 64.0 18771.0 8589869056 (19177,93934) 5.917947879875421E-4
BFCP 131072 64.0 18550.0 8589869056 (24840,104205) 5.983560826388271E-4
BFCP 131072 64.0 18413.0 8589869056 (9551,55684) 5.308076765907706E-4
BFCP 131072 64.0 18690.0 8589869056 (41211,75586) 6.297334220687751E-4
BFCP 131072 64.0 18828.0 8589869056 (3919,68047) 8.095074898216853E-4
BFCP 262144 1.0 84123.0 34359607296 (23776,96630) 7.505887840774498E-6
BFCP 262144 1.0 84200.0 34359607296 (27026,191341) 8.012706310255146E-6
BFCP 262144 1.0 88678.0 34359607296 (63524,208273) 7.400358627254708E-6
BFCP 262144 1.0 87653.0 34359607296 (74138,204507) 4.147794305430991E-6
BFCP 262144 1.0 92904.0 34359607296 (227002,232851) 8.36789230243477E-6
BFCP 262144 8.0 86481.0 34359607296 (90875,206281) 2.5814069253432277E-5
BFCP 262144 8.0 89651.0 34359607296 (80167,125906) 8.286460923693236E-5
BFCP 262144 8.0 88537.0 34359607296 (46609,95344) 1.4343874245924863E-5
BFCP 262144 8.0 89372.0 34359607296 (42944,127576) 4.783236159482146E-5
BFCP 262144 8.0 85711.0 34359607296 (175214,221407) 1.2032960749436414E-5
BFCP 262144 64.0 83282.0 34359607296 (141534,225800) 4.2294544689998884E-4
BFCP 262144 64.0 86403.0 34359607296 (20647,45757) 4.073881874414465E-4
BFCP 262144 64.0 96143.0 34359607296 (239743,245354) 1.74535834470024E-4
BFCP 262144 64.0 100310.0 34359607296 (123500,228745) 4.618158610443692E-4
BFCP 262144 64.0 92375.0 34359607296 (99936,203911) 4.069483000753879E-4
BFCP 524288 1.0 405387.0 137438691328 (125989,466470) 4.497960528597634E-6
BFCP 524288 1.0 383054.0 137438691328 (182756,521329) 5.413618069798044E-7
BFCP 524288 1.0 370668.0 137438691328 (396944,397296) 3.1921078309072745E-6
BFCP 524288 1.0 368682.0 137438691328 (79177,218807) 4.273675179259062E-6
BFCP 524288 1.0 1184740.0 137438691328 (206312,326356) 4.039596977267632E-6
BFCP 524288 8.0 417302.0 137438691328 (130824,254861) 3.7067793855417515E-5
BFCP 524288 8.0 372212.0 137438691328 (78966,462738) 1.2721760382985757E-5
BFCP 524288 8.0 390745.0 137438691328 (122876,318289) 1.9573163624207215E-5
BFCP 524288 8.0 391692.0 137438691328 (199490,514031) 1.2769145253842216E-5
BFCP 524288 8.0 379397.0 137438691328 (205574,395121) 1.98919886277562E-5
BFCP 524288 64.0 375071.0 137438691328 (138679,364364) 9.843786033641216E-5
BFCP 524288 64.0 380470.0 137438691328 (177723,391939) 2.5476215477980785E-4
BFCP 524288 64.0 363326.0 137438691328 (87142,403629) 1.389856811963419E-4
BFCP 524288 64.0 366778.0 137438691328 (612,310639) 1.7091054539766583E-4
BFCP 524288 64.0 385902.0 137438691328 (390843,478386) 9.84370834137855E-5
